Latitude,Longtitude
29.757492,-95.346097
29.741837,-95.32274489999999
29.6513268,-95.36706889999999
29.7592103,-95.3486503
29.74800429999999,-95.3230949
29.6578724,-95.3828346
29.74024979999999,-95.3141555
29.7414828,-95.32147069999999
29.6992565,-95.74982790000001
29.7410453,-95.3207382
29.7430545,-95.3234696
29.6735459,-95.4010304
29.7592103,-95.3486503
29.74774559999999,-95.3301863
29.7636645,-95.35201529999999
29.7579768,-95.34820219999999
29.7499393,-95.3426156
29.7018474,-95.4931826
29.7499261,-95.33664650000001
29.760466,-95.34775309999999
Latitude,Longtitude
29.7535611,-95.3377431
29.7447461,-95.32820749999999
29.760466,-95.34775309999999
29.74774559999999,-95.3301863
29.760466,-95.34775309999999
29.7466645,-95.3261955
29.7592103,-95.3486503
29.757492,-95.346097
29.7478859,-95.3301123
29.7447461,-95.32820749999999
29.7468892,-95.33978660000001
29.7430791,-95.327595
29.7502195,-95.32141580000001
29.7502703,-95.32244299999999
29.7418438,-95.3225715
29.7516931,-95.3103771
29.7584451,-95.3473446
29.750575,-95.33658799999999
29.7516931,-95.3103771
29.7596111,-95.3408161
Latitude,Longtitude
29.74919539999999,-95.342933
29.7522428,-95.3313017
29.7430791,-95.327595
29.7404607,-95.3181046
29.7508731,-95.3419126
29.7470334,-95.3411426
29.7408118,-95.319867
29.7460348,-95.3326263
29.7466573,-95.3262095
29.74408379999999,-95.3216551
29.7472578,-95.337915
29.740119,-95.3179905
29.7509015,-95.34459840000001
29.7471093,-95.3360115
29.7450373,-95.3246522
29.7642869,-95.3423685
29.7590415,-95.3412412
29.7475918,-95.3403388
29.7318345,-95.480395
29.7410453,-95.3207382
Latitude,Longtitude
29.7428693,-95.3177267
29.7584451,-95.3473446
29.7584451,-95.3473446
29.7481815,-95.327448
29.7567179,-95.3480933
29.7453367,-95.32564250000001
29.7424203,-95.3242896
29.7534617,-95.3210337
29.75455029999999,-95.3346165
29.7547024,-95.34161979999999
29.7430827,-95.32711719999999
29.74835239999999,-95.3286835
29.7491897,-95.3372918
29.745388,-95.3329191
29.7463008,-95.3334229
29.748614,-95.329624
29.7549081,-95.3456303
29.7414828,-95.32147069999999
29.7636645,-95.35201529999999
29.7484875,-95.33812069999999
Latitude,Longtitude
29.75366,-95.34504659999999
29.7521013,-95.3419874
29.7533055,-95.34218109999999
29.7524258,-95.3407081
29.7527267,-95.33918220000001
29.7491897,-95.3372918
29.7527267,-95.33918220000001
29.7620542,-95.3504329
29.7546081,-95.3411336
29.7484691,-95.32599069999999
29.7441351,-95.33241609999999
29.7646579,-95.3429984
29.7447461,-95.32820749999999
29.7592103,-95.3486503
29.7646579,-95.3429984
29.7425806,-95.3167766
29.7433247,-95.3245433
29.7456175,-95.3315942
29.7516931,-95.3103771
29.7447461,-95.32820749999999
Latitude,Longtitude
29.7600817,-95.34158219999999
29.7975853,-95.36173769999999
29.7318345,-95.480395
29.7540782,-95.3434264
29.760466,-95.34775309999999
29.7636645,-95.35201529999999
29.7433213,-95.3154356
29.7439684,-95.3335599
29.742132,-95.3254238
29.7592103,-95.3486503
29.7424203,-95.3242896
29.7858905,-95.1732182
29.7592103,-95.3486503
29.7527267,-95.33918220000001
29.7584451,-95.3473446
29.7636645,-95.35201529999999
29.760466,-95.34775309999999
29.7546081,-95.3411336
29.74024979999999,-95.3141555
29.760466,-95.34775309999999
Latitude,Longtitude
29.7567636,-95.34196089999999
29.7592103,-95.3486503
29.7433407,-95.32825559999999
29.7490843,-95.479558
29.662494,-95.3326096
29.7490583,-95.3302339
29.741622,-95.3138061
29.74891329999999,-95.3203346
29.73594039999999,-95.30630939999999
29.7567636,-95.34196089999999
29.7355912,-95.2952815
29.7548382,-95.3448884
29.6850444,-95.3370175
29.7540782,-95.3434264
29.7557871,-95.35188959999999
29.755689,-95.3428897
29.7620542,-95.3504329
29.7422756,-95.3158525
29.7584556,-95.3415749
29.755426,-95.346042
Latitude,Longtitude
29.7663173,-95.2976937
29.7600541,-95.3443877
29.7620542,-95.3504329
29.7546081,-95.3411336
29.7481278,-95.32489679999999
29.7521265,-95.32772179999999
30.0131305,-95.6438868
29.7546205,-95.341135
29.6701723,-95.2751179
29.7584451,-95.3473446
29.7540341,-95.3279737
29.7449732,-95.3137289
29.72547569999999,-95.352801
29.5521842,-95.5315593
29.7527267,-95.33918220000001
29.7549067,-95.3308538
29.7484778,-95.3259961
29.7550253,-95.3378607
29.7484875,-95.33812069999999
29.7521382,-95.33828109999999
Latitude,Longtitude
29.745293,-95.315944
29.7468699,-95.3202797
29.7636645,-95.35201529999999
29.7620542,-95.3504329
29.750368,-95.324186
29.7579353,-95.3421261
29.74159179999999,-95.3135873
30.0767029,-95.18212799999999
29.74404419999999,-95.33128579999999
29.7567179,-95.3480933
29.74774559999999,-95.3301863
29.7414828,-95.32147069999999
29.74408379999999,-95.3216551
29.7482565,-95.341425
29.7545515,-95.3346198
29.7646579,-95.3429984
29.7540782,-95.3434264
29.7433289,-95.3154222
29.751839,-95.334186
29.7540782,-95.3434264
Latitude,Longtitude
29.7511368,-95.32387969999999
29.7424203,-95.3242896
29.7499393,-95.3426156
29.745388,-95.3329191
29.7591712,-95.3419141
29.7540764,-95.3477466
29.7398939,-95.3163077
29.756692,-95.3406413
29.7545515,-95.3346198
29.7858981,-95.3629895
29.7600541,-95.3443877
29.8853088,-95.456487
29.7459393,-95.3278132
29.7424203,-95.3242896
29.7482565,-95.341425
29.75798979999999,-95.343042
29.7505585,-95.3397
29.743285,-95.32981199999999
29.898185,-95.4118761
30.5516461,-96.2733414
Latitude,Longtitude
29.7318345,-95.480395
29.7546081,-95.3411336
29.7571204,-95.34260429999999
29.7584451,-95.3473446
29.7476167,-95.36596209999999
29.743745,-95.320537
29.7410453,-95.3207382
29.7433289,-95.3154222
29.7545234,-95.3339927
29.7398939,-95.3163077
29.8499184,-95.2685556
29.7503332,-95.330117
29.7571785,-95.3485446
29.760466,-95.34775309999999
29.7441,-95.31212099999999
29.6175623,-95.7933735
30.6774663,-96.3554728
29.7472578,-95.337915
30.034493,-95.2298958
29.7534818,-95.33098559999999
Latitude,Longtitude
29.757492,-95.346097
29.741837,-95.32274489999999
29.6513268,-95.36706889999999
29.7592103,-95.3486503
29.74800429999999,-95.3230949
29.6578724,-95.3828346
29.74024979999999,-95.3141555
29.7414828,-95.32147069999999
29.6992565,-95.74982790000001
29.7410453,-95.3207382
29.7430545,-95.3234696
29.6735459,-95.4010304
29.7592103,-95.3486503
29.74774559999999,-95.3301863
29.7636645,-95.35201529999999
29.7579768,-95.34820219999999
29.7499393,-95.3426156
29.7018474,-95.4931826
29.7499261,-95.33664650000001
29.760466,-95.34775309999999
